180 0.005812
181 0.0058119
182 0.0058115
183 0.0058109
184 0.0058099
185 0.0058086
186 0.0058068
187 0.0058046
188 0.0058017
189 0.0057982
190 0.0057938
191 0.0057885
192 0.005782
193 0.0057743
194 0.0057652
195 0.0057544
196 0.0057418
197 0.0057272
198 0.0057103
199 0.0056909
200 0.0056688
201 0.0056437
202 0.0056153
203 0.0055834
204 0.0055478
205 0.0055081
206 0.005464
207 0.0054153
208 0.0053616
209 0.0053028
210 0.0052384
211 0.0051682
212 0.005092
213 0.0050095
214 0.0049204
215 0.0048244
216 0.0047214
217 0.004611
218 0.0044932
219 0.0043677
220 0.0042345
221 0.0040932
222 0.003944
223 0.0037867
224 0.0036213
225 0.0034479
226 0.0032666
227 0.0030774
228 0.0028806
229 0.0026766
230 0.0024657
231 0.0022486
232 0.002026
233 0.001799
234 0.0015694
235 0.00134
236 0.0011154
237 0.00090479
238 0.00072676
239 0.00061694
240 0.00061864
241 0.00073476
242 0.00092517
243 0.0011546
244 0.0014042
245 0.0016645
246 0.0019303
247 0.0021983
248 0.0024662
249 0.0027324
250 0.0029953
251 0.0032537
252 0.0035064
253 0.0037522
254 0.0039902
255 0.0042192
256 0.0044384
257 0.0046468
258 0.0048436
259 0.0050279
260 0.005199
261 0.005356
262 0.0054984
263 0.0056256
264 0.0057369
265 0.005832
266 0.0059103
267 0.0059716
268 0.0060155
269 0.006042
270 0.0060508
271 0.006042
272 0.0060155
273 0.0059715
274 0.0059102
275 0.0058319
276 0.0057368
277 0.0056254
278 0.0054983
279 0.0053559
280 0.0051988
281 0.0050277
282 0.0048434
283 0.0046466
284 0.0044382
285 0.004219
286 0.0039899
287 0.003752
288 0.0035061
289 0.0032535
290 0.0029951
291 0.0027322
292 0.002466
293 0.0021981
294 0.0019301
295 0.0016643
296 0.0014041
297 0.0011545
298 0.00092505
299 0.00073467
300 0.0006186
301 0.00061695
302 0.00072679
303 0.00090483
304 0.0011154
305 0.00134
306 0.0015694
307 0.001799
308 0.0020259
309 0.0022485
310 0.0024657
311 0.0026765
312 0.0028805
313 0.0030773
314 0.0032664
315 0.0034478
316 0.0036212
317 0.0037865
318 0.0039438
319 0.004093
320 0.0042342
321 0.0043675
322 0.004493
323 0.0046108
324 0.0047211
325 0.0048241
326 0.0049201
327 0.0050092
328 0.0050918
329 0.005168
330 0.0052381
331 0.0053025
332 0.0053613
333 0.005415
334 0.0054637
335 0.0055078
336 0.0055475
337 0.0055832
338 0.005615
339 0.0056434
340 0.0056685
341 0.0056906
342 0.00571
343 0.0057269
344 0.0057416
345 0.0057542
346 0.0057649
347 0.0057741
348 0.0057818
349 0.0057883
350 0.0057936
351 0.005798
352 0.0058015
353 0.0058044
354 0.0058066
355 0.0058084
356 0.0058097
357 0.0058107
358 0.0058113
359 0.0058117