   0.0000000e+00   1.5242316e-02
   1.0000000e+00   1.5240911e-02
   2.0000000e+00   1.5236693e-02
   3.0000000e+00   1.5229654e-02
   4.0000000e+00   1.5219779e-02
   5.0000000e+00   1.5207050e-02
   6.0000000e+00   1.5191442e-02
   7.0000000e+00   1.5172924e-02
   8.0000000e+00   1.5151461e-02
   9.0000000e+00   1.5127012e-02
   1.0000000e+01   1.5099532e-02
   1.1000000e+01   1.5068971e-02
   1.2000000e+01   1.5035274e-02
   1.3000000e+01   1.4998382e-02
   1.4000000e+01   1.4958233e-02
   1.5000000e+01   1.4914760e-02
   1.6000000e+01   1.4867894e-02
   1.7000000e+01   1.4817560e-02
   1.8000000e+01   1.4763683e-02
   1.9000000e+01   1.4706184e-02
   2.0000000e+01   1.4644985e-02
   2.1000000e+01   1.4580002e-02
   2.2000000e+01   1.4511152e-02
   2.3000000e+01   1.4438351e-02
   2.4000000e+01   1.4361515e-02
   2.5000000e+01   1.4280559e-02
   2.6000000e+01   1.4195401e-02
   2.7000000e+01   1.4105955e-02
   2.8000000e+01   1.4012143e-02
   2.9000000e+01   1.3913884e-02
   3.0000000e+01   1.3811101e-02
   3.1000000e+01   1.3703721e-02
   3.2000000e+01   1.3591673e-02
   3.3000000e+01   1.3474892e-02
   3.4000000e+01   1.3353315e-02
   3.5000000e+01   1.3226886e-02
   3.6000000e+01   1.3095553e-02
   3.7000000e+01   1.2959271e-02
   3.8000000e+01   1.2818002e-02
   3.9000000e+01   1.2671714e-02
   4.0000000e+01   1.2520383e-02
   4.1000000e+01   1.2363992e-02
   4.2000000e+01   1.2202533e-02
   4.3000000e+01   1.2036006e-02
   4.4000000e+01   1.1864422e-02
   4.5000000e+01   1.1687798e-02
   4.6000000e+01   1.1506164e-02
   4.7000000e+01   1.1319558e-02
   4.8000000e+01   1.1128028e-02
   4.9000000e+01   1.0931634e-02
   5.0000000e+01   1.0730445e-02
   5.1000000e+01   1.0524542e-02
   5.2000000e+01   1.0314017e-02
   5.3000000e+01   1.0098970e-02
   5.4000000e+01   9.8795149e-03
   5.5000000e+01   9.6557760e-03
   5.6000000e+01   9.4278876e-03
   5.7000000e+01   9.1959952e-03
   5.8000000e+01   8.9602544e-03
   5.9000000e+01   8.7208316e-03
   6.0000000e+01   8.4779030e-03
   6.1000000e+01   8.2316548e-03
   6.2000000e+01   7.9822827e-03
   6.3000000e+01   7.7299917e-03
   6.4000000e+01   7.4749954e-03
   6.5000000e+01   7.2175163e-03
   6.6000000e+01   6.9577847e-03
   6.7000000e+01   6.6960387e-03
   6.8000000e+01   6.4325240e-03
   6.9000000e+01   6.1674929e-03
   7.0000000e+01   5.9012048e-03
   7.1000000e+01   5.6339252e-03
   7.2000000e+01   5.3659262e-03
   7.3000000e+01   5.0974860e-03
   7.4000000e+01   4.8288898e-03
   7.5000000e+01   4.5604293e-03
   7.6000000e+01   4.2924047e-03
   7.7000000e+01   4.0251258e-03
   7.8000000e+01   3.7589145e-03
   7.9000000e+01   3.4941087e-03
   8.0000000e+01   3.2310685e-03
   8.1000000e+01   2.9701851e-03
   8.2000000e+01   2.7118956e-03
   8.3000000e+01   2.4567055e-03
   8.4000000e+01   2.2052267e-03
   8.5000000e+01   1.9582417e-03
   8.6000000e+01   1.7168154e-03
   8.7000000e+01   1.4825033e-03
   8.8000000e+01   1.2577518e-03
   8.9000000e+01   1.0467052e-03
   9.0000000e+01   8.5684961e-04
   9.1000000e+01   7.0202703e-04
   9.2000000e+01   6.0528423e-04
   9.3000000e+01   5.9106161e-04
   9.4000000e+01   6.6043186e-04
   9.5000000e+01   7.8804855e-04
   9.6000000e+01   9.4761348e-04
   9.7000000e+01   1.1229377e-03
   9.8000000e+01   1.3053641e-03
   9.9000000e+01   1.4902347e-03
   1.0000000e+02   1.6749125e-03
   1.0100000e+02   1.8578147e-03
   1.0200000e+02   2.0379388e-03
   1.0300000e+02   2.2146201e-03
   1.0400000e+02   2.3874020e-03
   1.0500000e+02   2.5559618e-03
   1.0600000e+02   2.7200677e-03
   1.0700000e+02   2.8795522e-03
   1.0800000e+02   3.0342950e-03
   1.0900000e+02   3.1842119e-03
   1.1000000e+02   3.3292471e-03
   1.1100000e+02   3.4693679e-03
   1.1200000e+02   3.6045608e-03
   1.1300000e+02   3.7348285e-03
   1.1400000e+02   3.8601880e-03
   1.1500000e+02   3.9806686e-03
   1.1600000e+02   4.0963107e-03
   1.1700000e+02   4.2071643e-03
   1.1800000e+02   4.3132883e-03
   1.1900000e+02   4.4147495e-03
   1.2000000e+02   4.5116219e-03
   1.2100000e+02   4.6039859e-03
   1.2200000e+02   4.6919278e-03
   1.2300000e+02   4.7755390e-03
   1.2400000e+02   4.8549157e-03
   1.2500000e+02   4.9301582e-03
   1.2600000e+02   5.0013704e-03
   1.2700000e+02   5.0686595e-03
   1.2800000e+02   5.1321355e-03
   1.2900000e+02   5.1919108e-03
   1.3000000e+02   5.2480997e-03
   1.3100000e+02   5.3008181e-03
   1.3200000e+02   5.3501832e-03
   1.3300000e+02   5.3963130e-03
   1.3400000e+02   5.4393263e-03
   1.3500000e+02   5.4793422e-03
   1.3600000e+02   5.5164795e-03
   1.3700000e+02   5.5508572e-03
   1.3800000e+02   5.5825934e-03
   1.3900000e+02   5.6118059e-03
   1.4000000e+02   5.6386111e-03
   1.4100000e+02   5.6631247e-03
   1.4200000e+02   5.6854606e-03
   1.4300000e+02   5.7057315e-03
   1.4400000e+02   5.7240483e-03
   1.4500000e+02   5.7405201e-03
   1.4600000e+02   5.7552539e-03
   1.4700000e+02   5.7683547e-03
   1.4800000e+02   5.7799253e-03
   1.4900000e+02   5.7900661e-03
   1.5000000e+02   5.7988749e-03
   1.5100000e+02   5.8064471e-03
   1.5200000e+02   5.8128755e-03
   1.5300000e+02   5.8182502e-03
   1.5400000e+02   5.8226584e-03
   1.5500000e+02   5.8261847e-03
   1.5600000e+02   5.8289104e-03
   1.5700000e+02   5.8309142e-03
   1.5800000e+02   5.8322719e-03
   1.5900000e+02   5.8330558e-03
   1.6000000e+02   5.8333356e-03
   1.6100000e+02   5.8331777e-03
   1.6200000e+02   5.8326453e-03
   1.6300000e+02   5.8317986e-03
   1.6400000e+02   5.8306947e-03
   1.6500000e+02   5.8293872e-03
   1.6600000e+02   5.8279267e-03
   1.6700000e+02   5.8263607e-03
   1.6800000e+02   5.8247332e-03
   1.6900000e+02   5.8230851e-03
   1.7000000e+02   5.8214541e-03
   1.7100000e+02   5.8198745e-03
   1.7200000e+02   5.8183775e-03
   1.7300000e+02   5.8169909e-03
   1.7400000e+02   5.8157394e-03
   1.7500000e+02   5.8146441e-03
   1.7600000e+02   5.8137232e-03
   1.7700000e+02   5.8129915e-03
   1.7800000e+02   5.8124603e-03
   1.7900000e+02   5.8121380e-03
   1.8000000e+02   5.8120294e-03
   1.8100000e+02   5.8121361e-03
   1.8200000e+02   5.8124567e-03
   1.8300000e+02   5.8129860e-03
   1.8400000e+02   5.8137160e-03
   1.8500000e+02   5.8146352e-03
   1.8600000e+02   5.8157287e-03
   1.8700000e+02   5.8169787e-03
   1.8800000e+02   5.8183637e-03
   1.8900000e+02   5.8198592e-03
   1.9000000e+02   5.8214373e-03
   1.9100000e+02   5.8230670e-03
   1.9200000e+02   5.8247138e-03
   1.9300000e+02   5.8263401e-03
   1.9400000e+02   5.8279051e-03
   1.9500000e+02   5.8293645e-03
   1.9600000e+02   5.8306711e-03
   1.9700000e+02   5.8317743e-03
   1.9800000e+02   5.8326203e-03
   1.9900000e+02   5.8331521e-03
   2.0000000e+02   5.8333095e-03
   2.0100000e+02   5.8330294e-03
   2.0200000e+02   5.8322451e-03
   2.0300000e+02   5.8308874e-03
   2.0400000e+02   5.8288834e-03
   2.0500000e+02   5.8261577e-03
   2.0600000e+02   5.8226316e-03
   2.0700000e+02   5.8182236e-03
   2.0800000e+02   5.8128492e-03
   2.0900000e+02   5.8064211e-03
   2.1000000e+02   5.7988493e-03
   2.1100000e+02   5.7900411e-03
   2.1200000e+02   5.7799009e-03
   2.1300000e+02   5.7683310e-03
   2.1400000e+02   5.7552308e-03
   2.1500000e+02   5.7404978e-03
   2.1600000e+02   5.7240268e-03
   2.1700000e+02   5.7057109e-03
   2.1800000e+02   5.6854408e-03
   2.1900000e+02   5.6631059e-03
   2.2000000e+02   5.6385933e-03
   2.2100000e+02   5.6117891e-03
   2.2200000e+02   5.5825776e-03
   2.2300000e+02   5.5508424e-03
   2.2400000e+02   5.5164657e-03
   2.2500000e+02   5.4793294e-03
   2.2600000e+02   5.4393146e-03
   2.2700000e+02   5.3963024e-03
   2.2800000e+02   5.3501735e-03
   2.2900000e+02   5.3008095e-03
   2.3000000e+02   5.2480921e-03
   2.3100000e+02   5.1919042e-03
   2.3200000e+02   5.1321299e-03
   2.3300000e+02   5.0686547e-03
   2.3400000e+02   5.0013665e-03
   2.3500000e+02   4.9301551e-03
   2.3600000e+02   4.8549135e-03
   2.3700000e+02   4.7755375e-03
   2.3800000e+02   4.6919270e-03
   2.3900000e+02   4.6039858e-03
   2.4000000e+02   4.5116223e-03
   2.4100000e+02   4.4147504e-03
   2.4200000e+02   4.3132897e-03
   2.4300000e+02   4.2071661e-03
   2.4400000e+02   4.0963128e-03
   2.4500000e+02   3.9806710e-03
   2.4600000e+02   3.8601906e-03
   2.4700000e+02   3.7348312e-03
   2.4800000e+02   3.6045636e-03
   2.4900000e+02   3.4693707e-03
   2.5000000e+02   3.3292499e-03
   2.5100000e+02   3.1842146e-03
   2.5200000e+02   3.0342976e-03
   2.5300000e+02   2.8795547e-03
   2.5400000e+02   2.7200701e-03
   2.5500000e+02   2.5559641e-03
   2.5600000e+02   2.3874043e-03
   2.5700000e+02   2.2146225e-03
   2.5800000e+02   2.0379413e-03
   2.5900000e+02   1.8578177e-03
   2.6000000e+02   1.6749163e-03
   2.6100000e+02   1.4902397e-03
   2.6200000e+02   1.3053712e-03
   2.6300000e+02   1.1229480e-03
   2.6400000e+02   9.4762866e-04
   2.6500000e+02   7.8807129e-04
   2.6600000e+02   6.6046539e-04
   2.6700000e+02   5.9110743e-04
   2.6800000e+02   6.0533836e-04
   2.6900000e+02   7.0208288e-04
   2.7000000e+02   8.5690379e-04
   2.7100000e+02   1.0467572e-03
   2.7200000e+02   1.2578020e-03
   2.7300000e+02   1.4825523e-03
   2.7400000e+02   1.7168637e-03
   2.7500000e+02   1.9582896e-03
   2.7600000e+02   2.2052746e-03
   2.7700000e+02   2.4567534e-03
   2.7800000e+02   2.7119437e-03
   2.7900000e+02   2.9702335e-03
   2.8000000e+02   3.2311172e-03
   2.8100000e+02   3.4941578e-03
   2.8200000e+02   3.7589640e-03
   2.8300000e+02   4.0251757e-03
   2.8400000e+02   4.2924550e-03
   2.8500000e+02   4.5604799e-03
   2.8600000e+02   4.8289407e-03
   2.8700000e+02   5.0975372e-03
   2.8800000e+02   5.3659775e-03
   2.8900000e+02   5.6339767e-03
   2.9000000e+02   5.9012564e-03
   2.9100000e+02   6.1675446e-03
   2.9200000e+02   6.4325757e-03
   2.9300000e+02   6.6960904e-03
   2.9400000e+02   6.9578362e-03
   2.9500000e+02   7.2175676e-03
   2.9600000e+02   7.4750465e-03
   2.9700000e+02   7.7300424e-03
   2.9800000e+02   7.9823331e-03
   2.9900000e+02   8.2317048e-03
   3.0000000e+02   8.4779526e-03
   3.0100000e+02   8.7208806e-03
   3.0200000e+02   8.9603029e-03
   3.0300000e+02   9.1960430e-03
   3.0400000e+02   9.4279348e-03
   3.0500000e+02   9.6558225e-03
   3.0600000e+02   9.8795607e-03
   3.0700000e+02   1.0099015e-02
   3.0800000e+02   1.0314061e-02
   3.0900000e+02   1.0524586e-02
   3.1000000e+02   1.0730488e-02
   3.1100000e+02   1.0931676e-02
   3.1200000e+02   1.1128069e-02
   3.1300000e+02   1.1319598e-02
   3.1400000e+02   1.1506203e-02
   3.1500000e+02   1.1687836e-02
   3.1600000e+02   1.1864459e-02
   3.1700000e+02   1.2036043e-02
   3.1800000e+02   1.2202568e-02
   3.1900000e+02   1.2364026e-02
   3.2000000e+02   1.2520416e-02
   3.2100000e+02   1.2671747e-02
   3.2200000e+02   1.2818033e-02
   3.2300000e+02   1.2959301e-02
   3.2400000e+02   1.3095582e-02
   3.2500000e+02   1.3226914e-02
   3.2600000e+02   1.3353342e-02
   3.2700000e+02   1.3474918e-02
   3.2800000e+02   1.3591699e-02
   3.2900000e+02   1.3703746e-02
   3.3000000e+02   1.3811125e-02
   3.3100000e+02   1.3913907e-02
   3.3200000e+02   1.4012165e-02
   3.3300000e+02   1.4105976e-02
   3.3400000e+02   1.4195421e-02
   3.3500000e+02   1.4280579e-02
   3.3600000e+02   1.4361533e-02
   3.3700000e+02   1.4438368e-02
   3.3800000e+02   1.4511168e-02
   3.3900000e+02   1.4580018e-02
   3.4000000e+02   1.4645000e-02
   3.4100000e+02   1.4706199e-02
   3.4200000e+02   1.4763696e-02
   3.4300000e+02   1.4817572e-02
   3.4400000e+02   1.4867905e-02
   3.4500000e+02   1.4914772e-02
   3.4600000e+02   1.4958244e-02
   3.4700000e+02   1.4998392e-02
   3.4800000e+02   1.5035283e-02
   3.4900000e+02   1.5068979e-02
   3.5000000e+02   1.5099539e-02
   3.5100000e+02   1.5127019e-02
   3.5200000e+02   1.5151467e-02
   3.5300000e+02   1.5172929e-02
   3.5400000e+02   1.5191447e-02
   3.5500000e+02   1.5207054e-02
   3.5600000e+02   1.5219782e-02
   3.5700000e+02   1.5229656e-02
   3.5800000e+02   1.5236694e-02
   3.5900000e+02   1.5240912e-02
