0 0.05498534572869942
1 0.05495260234566226
2 0.054851239830572045
3 0.05468161151910713
4 0.05444430167730384
5 0.05414012307715663
6 0.053770113696113876
7 0.053335532567633834
8 0.052837854816415696
9 0.052278765918157784
10 0.051660155229693576
11 0.0509841088410734
12 0.05025290180657588
13 0.04946898981669574
14 0.04863500037782741
15 0.047753723570583
16 0.046828102461371535
17 0.045861223244922415
18 0.04485630519771962
19 0.04381669052362388
20 0.04274583417304714
21 0.04164729371553461
22 0.040524719342024805
23 0.039381844066741216
24 0.038222474188746004
25 0.037050480058512726
26 0.03586978717395487
27 0.03468436760128521
28 0.03349823167648754
29 0.03231541989017502
30 0.031139994788808294
31 0.02997603263493415
32 0.02882761445458524
33 0.02769881595824505
34 0.02659369565174182
35 0.02551628025778873
36 0.02447054635698605
37 0.023460396948713443
38 0.022489631462270104
39 0.021561907671213257
40 0.02068069405562815
41 0.01984921151427643
42 0.019070364055119717
43 0.01834665927375172
44 0.017680121088203583
45 0.01707219924223537
46 0.016523682258057306
47 0.016034622372837475
48 0.015604281965226846
49 0.01523111052182653
50 0.014912758992910167
51 0.014646134554555518
52 0.014427493948354405
53 0.014252568708797464
54 0.014116711786826096
55 0.014015053126014154
56 0.013942651903197061
57 0.01389463510551447
58 0.013866315196330496
59 0.01385328303145883
60 0.01385147526564736
61 0.013857217839191398
62 0.013867248627014621
63 0.013878723039510078
64 0.013889206465456164
65 0.013896657149820798
66 0.0138994025876305
67 0.013896111928122595
68 0.013885766311657565
69 0.013867628555390735
70 0.01384121318331438
71 0.013806257464239972
72 0.013762693869638914
73 0.01371062417956494
74 0.01365029533577158
75 0.013582077054207956
76 0.013506441153736993
77 0.013423942525606433
78 0.01333520165224559
79 0.013240888579313749
80 0.013141708247844516
81 0.01303838710107509
82 0.01293166089112357
83 0.012822263622620157
84 0.012710917582620575
85 0.012598324417800934
86 0.01248515723039675
87 0.012372053673075934
88 0.01225961002950045
89 0.012148376271406981
90 0.012038852084403731
91 0.011931483853241663
92 0.011826662593116918
93 0.011724722806799285
94 0.011625942238413144
95 0.011530542484034033
96 0.011438690407538938
97 0.011350500298086217
98 0.011266036693967418
99 0.011185317787113099
100 0.01110831931392269
101 0.011034978831871677
102 0.010965200277909105
103 0.010898858704185515
104 0.010835805089144146
105 0.010775871127276264
106 0.010718873908546414
107 0.01066462040817196
108 0.010612911718567755
109 0.010563546967280407
110 0.010516326877100551
111 0.010471056936763149
112 0.010427550162307528
113 0.010385629439946068
114 0.010345129450944235
115 0.010305898187404974
116 0.010267798074912134
117 0.010230706723725757
118 0.010194517334696349
119 0.010159138789369712
120 0.010124495456009207
121 0.01009052674459908
122 0.010057186444443257
123 0.010024441877865378
124 0.009992272902864006
125 0.009960670796484562
126 0.009929637049224059
127 0.009899182099060301
128 0.009869324031754266
129 0.009840087271962243
130 0.00981150128745467
131 0.009783599326404062
132 0.009756417205306397
133 0.0097299921626652
134 0.009704361791121323
135 0.009679563058281061
136 0.0096556314241068
137 0.009632600060415917
138 0.009610499175812234
139 0.009589355447278439
140 0.00956919155771513
141 0.009550025836943851
142 0.009531872002125377
143 0.0095147389921918
144 0.009498630889770612
145 0.009483546923194225
146 0.009469481540543818
147 0.009456424547265613
148 0.009444361298712584
149 0.009433272938988116
150 0.009423136677680343
151 0.009413926096454124
152 0.009405611477983107
153 0.00939816015032894
154 0.009391536840580621
155 0.0093857040323224
156 0.009380622322277828
157 0.009376250772254159
158 0.00937254725326179
159 0.009369468779388657
160 0.009366971829653034
161 0.009365012656627734
162 0.009363547581114722
163 0.009362533272549104
164 0.00936192701512049
165 0.009361686959822979
166 0.009361772362784957
167 0.009362143810294396
168 0.009362763430933691
169 0.00936359509518006
170 0.00936460460272511
171 0.009365759857632916
172 0.00936703103130071
173 0.009368390713022782
174 0.009369814047798313
175 0.009371278860874068
176 0.009372765768387617
177 0.009374258273376278
178 0.009375742846352531
179 0.009377208989617579
180 0.009378649284494537
181 0.009380059420711122
182 0.009381438207245827
183 0.009382787564069147
184 0.009384112494357099
185 0.009385421036922687
186 0.009386724198795994
187 0.009388035868077604
188 0.009389372707388339
189 0.009390754028431387
190 0.009392201648368598
191 0.009393739728882512
192 0.009395394598948049
193 0.009397194562468873
194 0.00939916969204176
195 0.009401351610198566
196 0.009403773259538985
197 0.009406468663213761
198 0.009409472677246768
199 0.009412820736204067
200 0.009416548593730445
201 0.009420692059486748
202 0.00942528673403881
203 0.009430367743277561
204 0.009435969473994336
205 0.009442125312299971
206 0.009448867386664657
207 0.009456226317469953
208 0.0094642309751055
209 0.009472908248810278
210 0.009482282828649954
211 0.009492377003233682
212 0.00950321047600079
213 0.009514800203142527
214 0.009527160256459194
215 0.009540301714677523
216 0.009554232586957484
217 0.009568957772489901
218 0.009584479060213303
219 0.009600795172748774
220 0.009617901858651417
221 0.00963579203699413
222 0.009654455998121288
223 0.009673881664124454
224 0.00969405491218911
225 0.00971495996342996
226 0.00973657983916386
227 0.009758896885756686
228 0.009781893368216945
229 0.009805552131589733
230 0.009829857327928099
231 0.009854795205182025
232 0.00988035495275168
233 0.009906529596702926
234 0.009933316935747923
235 0.009960720507061802
236 0.009988750568854078
237 0.010017425084361152
238 0.010046770689603345
239 0.010076823624892437
240 0.010107630607731878
241 0.010139249622479923
242 0.010171750600018972
243 0.010205215958779266
244 0.010239740976904737
245 0.010275433964240846
246 0.010312416202300837
247 0.010350821620571644
248 0.010390796178603643
249 0.010432496925439731
250 0.010476090711219651
251 0.010521752530365943
252 0.010569663481704017
253 0.010620008338229077
254 0.010672972727980313
255 0.01072873993751523
256 0.010787487360601254
257 0.010849382626674495
258 0.010914579455976159
259 0.010983213300607846
260 0.011055396842524413
261 0.011131215430151612
262 0.011210722544326925
263 0.011293935391112361
264 0.011380830723311947
265 0.011471340993968173
266 0.011565350943608579
267 0.01166269471864604
268 0.01176315361137978
269 0.011866454502947094
270 0.011972269079937523
271 0.01208021388389598
272 0.012189851241357188
273 0.012300691111107835
274 0.012412193875744135
275 0.012523774096856762
276 0.01263480524777715
277 0.012744625435051
278 0.012852544119805166
279 0.012957849852937178
280 0.013059819043434746
281 0.013157725786862121
282 0.013250852790745688
283 0.013338503444752034
284 0.013420015095532528
285 0.01349477359807755
286 0.013562229226285282
287 0.01362191403373171
288 0.013673460759322029
289 0.013716623368862714
290 0.01375129930887281
291 0.013777553518111342
292 0.013795644188682262
293 0.013806050183636984
294 0.013809499891150412
295 0.013807001114180982
296 0.013799871345605903
297 0.01378976744957273
298 0.013778713351985297
299 0.013769123838434552
300 0.013763821986601461
301 0.013766047171280929
302 0.013779450063083431
303 0.013808070734249596
304 0.01385629607053824
305 0.01392879337452504
306 0.014030418514403304
307 0.014166099299424237
308 0.01434069782539409
309 0.014558858939259008
310 0.014824855066383483
311 0.015142439636098709
312 0.015514721540735615
313 0.015944071158110692
314 0.016432064703755703
315 0.01697946883871059
316 0.017586262613429725
317 0.018251689980628344
318 0.01897433388482993
319 0.019752202454518357
320 0.02058281877359264
321 0.021463307548053177
322 0.022390474145186565
323 0.023360873523713264
324 0.024370868232886707
325 0.02541667584154676
326 0.026494406886926766
327 0.027600094792168763
328 0.028729719294690956
329 0.02987922485101304
330 0.031044535313980548
331 0.032221565970011475
332 0.033406233811902754
333 0.03459446672676462
334 0.03578221210818924
335 0.036965445259582036
336 0.0381401778406244
337 0.03930246651812392
338 0.04044842191238002
339 0.04157421787692693
340 0.04267610110978075
341 0.04375040106520159
342 0.04479354011414156
343 0.04580204388705714
344 0.04677255172315539
345 0.047701827144243064
346 0.048586768268292814
347 0.04942441807696706
348 0.050211974452135745
349 0.05094679989853513
350 0.05162643087284807
351 0.05224858664343768
352 0.05281117760957661
353 0.05331231301416406
354 0.05375030798951099
355 0.054123689881728464
356 0.05443120380550936
357 0.05467181738759293
358 0.054844724663894354
359 0.05494934910212791
