0 0.0487646
1 0.0487379
2 0.0486579
3 0.0485248
4 0.048339
5 0.0481009
6 0.0478115
7 0.0474715
8 0.0470819
9 0.046644
10 0.0461589
11 0.0456282
12 0.0450535
13 0.0444363
14 0.0437786
15 0.0430823
16 0.0423493
17 0.0415819
18 0.0407824
19 0.0399529
20 0.0390961
21 0.0382142
22 0.03731
23 0.036386
24 0.035445
25 0.0344896
26 0.0335228
27 0.0325472
28 0.0315657
29 0.0305814
30 0.0295969
31 0.0286154
32 0.0276397
33 0.0266728
34 0.0257176
35 0.0247771
36 0.0238542
37 0.0229519
38 0.0220729
39 0.0212201
40 0.0203963
41 0.0196041
42 0.0188462
43 0.0181249
44 0.0174425
45 0.0168009
46 0.016202
47 0.0156471
48 0.0151373
49 0.0146731
50 0.0142546
51 0.0138815
52 0.0135528
53 0.013267
54 0.013022
55 0.0128155
56 0.0126447
57 0.0125063
58 0.012397
59 0.0123133
60 0.0122517
61 0.0122089
62 0.0121814
63 0.0121662
64 0.0121603
65 0.0121612
66 0.0121665
67 0.0121741
68 0.0121822
69 0.0121894
70 0.0121942
71 0.0121957
72 0.0121931
73 0.0121857
74 0.0121732
75 0.0121552
76 0.0121316
77 0.0121025
78 0.0120679
79 0.012028
80 0.0119833
81 0.0119339
82 0.0118804
83 0.0118231
84 0.0117626
85 0.0116995
86 0.0116341
87 0.0115671
88 0.011499
89 0.0114302
90 0.0113614
91 0.0112935
92 0.0112256
93 0.011159
94 0.011094
95 0.011031
96 0.0109702
97 0.0109119
98 0.0108563
99 0.0108035
100 0.0107536
101 0.0107068
102 0.0106631
103 0.0106225
104 0.010585
105 0.0105505
106 0.0105189
107 0.0104902
108 0.0104642
109 0.0104408
110 0.0104198
111 0.010401
112 0.0103844
113 0.0103696
114 0.0103565
115 0.010345
116 0.0103349
117 0.0103259
118 0.010318
119 0.0103109
120 0.0103045
121 0.0102987
122 0.0102934
123 0.0102884
124 0.0102836
125 0.0102789
126 0.0102743
127 0.0102697
128 0.010265
129 0.0102601
130 0.010255
131 0.0102498
132 0.0102443
133 0.0102386
134 0.0102326
135 0.0102264
136 0.0102199
137 0.0102132
138 0.0102062
139 0.0101991
140 0.0101918
141 0.0101843
142 0.0101766
143 0.0101689
144 0.0101611
145 0.0101532
146 0.0101453
147 0.0101374
148 0.0101295
149 0.0101217
150 0.0101139
151 0.0101063
152 0.0100987
153 0.0100914
154 0.0100842
155 0.0100772
156 0.0100703
157 0.0100637
158 0.0100574
159 0.0100513
160 0.0100454
161 0.0100398
162 0.0100345
163 0.0100294
164 0.0100246
165 0.0100202
166 0.010016
167 0.0100121
168 0.0100085
169 0.0100052
170 0.0100021
171 0.0099994
172 0.00999696
173 0.00999481
174 0.00999295
175 0.00999138
176 0.0099901
177 0.00998912
178 0.00998843
179 0.00998805
180 0.00998799
181 0.00998812
182 0.00998816
183 0.0099887
184 0.00998969
185 0.00999107
186 0.00999283
187 0.00999492
188 0.00999733
189 0.01
190 0.010003
191 0.0100063
192 0.0100098
193 0.0100135
194 0.0100175
195 0.0100218
196 0.0100263
197 0.0100311
198 0.0100361
199 0.0100414
200 0.0100469
201 0.0100527
202 0.0100587
203 0.010065
204 0.0100715
205 0.0100782
206 0.0100851
207 0.0100922
208 0.0100995
209 0.010107
210 0.0101146
211 0.0101224
212 0.0101302
213 0.0101381
214 0.010146
215 0.0101539
216 0.0101618
217 0.0101697
218 0.0101774
219 0.0101851
220 0.0101926
221 0.0101999
222 0.010207
223 0.0102139
224 0.0102205
225 0.0102269
226 0.010233
227 0.0102388
228 0.0102444
229 0.0102497
230 0.0102548
231 0.0102597
232 0.0102644
233 0.0102689
234 0.0102734
235 0.0102779
236 0.0102824
237 0.0102871
238 0.010292
239 0.0102973
240 0.0103031
241 0.0103094
242 0.0103166
243 0.0103246
244 0.0103336
245 0.0103439
246 0.0103556
247 0.0103688
248 0.0103837
249 0.0104006
250 0.0104195
251 0.0104407
252 0.0104644
253 0.0104906
254 0.0105194
255 0.0105512
256 0.0105858
257 0.0106234
258 0.0106641
259 0.0107079
260 0.0107547
261 0.0108045
262 0.0108572
263 0.0109127
264 0.0109709
265 0.0110315
266 0.0110944
267 0.0111591
268 0.0112254
269 0.011293
270 0.0113615
271 0.0114303
272 0.011499
273 0.0115669
274 0.0116337
275 0.0116987
276 0.0117615
277 0.0118216
278 0.0118786
279 0.0119318
280 0.0119808
281 0.0120253
282 0.0120649
283 0.0120993
284 0.0121282
285 0.0121517
286 0.0121695
287 0.012182
288 0.0121893
289 0.0121918
290 0.0121903
291 0.0121854
292 0.0121784
293 0.0121703
294 0.0121628
295 0.0121576
296 0.0121568
297 0.0121628
298 0.0121783
299 0.012206
300 0.0122491
301 0.0123109
302 0.0123948
303 0.0125044
304 0.0126431
305 0.0128142
306 0.013021
307 0.0132661
308 0.0135522
309 0.0138811
310 0.0142543
311 0.0146728
312 0.0151371
313 0.0156469
314 0.0162018
315 0.0168007
316 0.0174422
317 0.0181246
318 0.0188458
319 0.0196037
320 0.0203958
321 0.0212196
322 0.0220723
323 0.0229513
324 0.0238537
325 0.0247766
326 0.0257171
327 0.0266724
328 0.0276394
329 0.0286152
330 0.0295969
331 0.0305814
332 0.031566
333 0.0325476
334 0.0335233
335 0.0344904
336 0.0354459
337 0.036387
338 0.0373111
339 0.0382154
340 0.0390973
341 0.0399542
342 0.0407836
343 0.0415831
344 0.0423504
345 0.0430832
346 0.0437793
347 0.0444369
348 0.0450538
349 0.0456283
350 0.0461588
351 0.0466436
352 0.0470813
353 0.0474707
354 0.0478106
355 0.0481
356 0.048338
357 0.0485239
358 0.0486573
359 0.0487376
