
0	0.0318799
1	0.0318921
2	0.0318718
3	0.0318179
4	0.0317293
5	0.0316052
6	0.0314448
7	0.0312473
8	0.0310123
9	0.0307393
10	0.030428
11	0.0300783
12	0.0296902
13	0.029264
14	0.0288
15	0.0282986
16	0.0277606
17	0.027187
18	0.0265787
19	0.0259369
20	0.0252631
21	0.024559
22	0.0238262
23	0.0230667
24	0.0222826
25	0.0214762
26	0.0206499
27	0.0198064
28	0.0189483
29	0.0180786
30	0.0172004
31	0.0163168
32	0.0154312
33	0.0145471
34	0.0136681
35	0.0127981
36	0.0119413
37	0.011102
38	0.0102849
39	0.00949503
40	0.00873808
41	0.00802024
42	0.00734848
43	0.00673056
44	0.00617502
45	0.00569086
46	0.00528689
47	0.00497048
48	0.00474593
49	0.00461279
50	0.00456501
51	0.00459152
52	0.00467795
53	0.00480886
54	0.00496961
55	0.00514742
56	0.00533177
57	0.00551437
58	0.00568888
59	0.00585059
60	0.0059961
61	0.00612311
62	0.00623012
63	0.00631635
64	0.00638155
65	0.00642591
66	0.00644997
67	0.0064546
68	0.00644088
69	0.0064101
70	0.0063637
71	0.00630326
72	0.00623045
73	0.00614702
74	0.00605475
75	0.00595547
76	0.005851
77	0.00574314
78	0.00563366
79	0.00552425
80	0.00541654
81	0.00531203
82	0.00521209
83	0.00511795
84	0.00503066
85	0.00495108
86	0.00487985
87	0.00481743
88	0.00476404
89	0.00471972
90	0.00468429
91	0.00465742
92	0.00463862
93	0.00462728
94	0.0046227
95	0.00462412
96	0.00463074
97	0.00464178
98	0.00465644
99	0.00467398
100	0.00469369
101	0.00471493
102	0.00473711
103	0.00475971
104	0.00478229
105	0.00480446
106	0.00482591
107	0.00484636
108	0.00486562
109	0.00488353
110	0.00489999
111	0.00491492
112	0.00492828
113	0.00494007
114	0.00495032
115	0.00495906
116	0.00496636
117	0.00497227
118	0.0049769
119	0.00498031
120	0.00498262
121	0.00498391
122	0.00498429
123	0.00498384
124	0.00498266
125	0.00498085
126	0.00497848
127	0.00497563
128	0.00497239
129	0.00496881
130	0.00496495
131	0.00496088
132	0.00495664
133	0.00495227
134	0.0049478
135	0.00494327
136	0.00493871
137	0.00493412
138	0.00492953
139	0.00492494
140	0.00492036
141	0.00491581
142	0.00491128
143	0.00490677
144	0.00490228
145	0.00489782
146	0.00489339
147	0.00488899
148	0.00488462
149	0.00488029
150	0.00487602
151	0.00487181
152	0.0048677
153	0.00486371
154	0.00485988
155	0.00485624
156	0.00485285
157	0.00484977
158	0.00484707
159	0.00484484
160	0.00484316
161	0.00484214
162	0.0048419
163	0.00484256
164	0.00484429
165	0.00484722
166	0.00485154
167	0.00485742
168	0.00486507
169	0.0048747
170	0.00488651
171	0.00490075
172	0.00491765
173	0.00493746
174	0.00496042
175	0.00498679
176	0.00501683
177	0.00505077
178	0.00508888
179	0.00513137
180	0.00517848
181	0.00523042
182	0.00528738
183	0.00534954
184	0.00541706
185	0.00549006
186	0.00556866
187	0.00565294
188	0.00574295
189	0.00583873
190	0.00594029
191	0.0060476
192	0.00616063
193	0.0062793
194	0.00640353
195	0.00653321
196	0.00666822
197	0.00680841
198	0.00695362
199	0.00710368
200	0.0072584
201	0.0074176
202	0.00758106
203	0.00774858
204	0.00791992
205	0.00809488
206	0.00827321
207	0.00845468
208	0.00863904
209	0.00882606
210	0.00901547
211	0.00920703
212	0.00940047
213	0.00959554
214	0.00979197
215	0.00998949
216	0.0101878
217	0.0103867
218	0.0105858
219	0.0107849
220	0.0109837
221	0.0111819
222	0.0113792
223	0.0115752
224	0.0117698
225	0.0119626
226	0.0121533
227	0.0123417
228	0.0125273
229	0.01271
230	0.0128894
231	0.0130653
232	0.0132374
233	0.0134054
234	0.0135691
235	0.0137282
236	0.0138826
237	0.0140319
238	0.014176
239	0.0143147
240	0.0144479
241	0.0145753
242	0.0146969
243	0.0148126
244	0.0149222
245	0.0150258
246	0.0151231
247	0.0152144
248	0.0152994
249	0.0153783
250	0.0154511
251	0.0155178
252	0.0155786
253	0.0156336
254	0.0156828
255	0.0157264
256	0.0157646
257	0.0157976
258	0.0158255
259	0.0158486
260	0.015867
261	0.0158811
262	0.0158911
263	0.0158972
264	0.0158998
265	0.015899
266	0.0158952
267	0.0158887
268	0.0158798
269	0.0158689
270	0.0158561
271	0.0158419
272	0.0158266
273	0.0158104
274	0.0157938
275	0.0157771
276	0.0157605
277	0.0157445
278	0.0157294
279	0.0157155
280	0.0157031
281	0.0156925
282	0.0156842
283	0.0156784
284	0.0156755
285	0.0156758
286	0.0156797
287	0.0156874
288	0.0156992
289	0.0157156
290	0.0157368
291	0.0157632
292	0.0157949
293	0.0158325
294	0.0158761
295	0.015926
296	0.0159827
297	0.0160462
298	0.016117
299	0.0161952
300	0.0162812
301	0.0163752
302	0.0164775
303	0.0165883
304	0.0167078
305	0.0168362
306	0.0169737
307	0.0171206
308	0.017277
309	0.017443
310	0.0176187
311	0.0178044
312	0.018
313	0.0182056
314	0.0184214
315	0.0186472
316	0.0188831
317	0.0191291
318	0.0193851
319	0.0196509
320	0.0199265
321	0.0202116
322	0.0205062
323	0.0208098
324	0.0211222
325	0.0214432
326	0.0217722
327	0.022109
328	0.0224529
329	0.0228036
330	0.0231603
331	0.0235227
332	0.0238898
333	0.0242611
334	0.0246357
335	0.0250129
336	0.0253917
337	0.0257712
338	0.0261505
339	0.0265284
340	0.0269039
341	0.0272759
342	0.0276432
343	0.0280045
344	0.0283585
345	0.0287039
346	0.0290394
347	0.0293636
348	0.029675
349	0.0299722
350	0.0302537
351	0.0305181
352	0.0307638
353	0.0309893
354	0.0311931
355	0.0313738
356	0.0315299
357	0.0316599
358	0.0317625
359	0.0318362
