0	0.0327006
1	0.0327174
2	0.0326999
3	0.0326471
4	0.0325579
5	0.0324313
6	0.0322665
7	0.0320628
8	0.0318195
9	0.0315363
10	0.0312128
11	0.030849
12	0.0304448
13	0.0300004
14	0.0295163
15	0.028993
16	0.0284313
17	0.027832
18	0.0271963
19	0.0265255
20	0.0258212
21	0.0250849
22	0.0243185
23	0.0235242
24	0.0227041
25	0.0218607
26	0.0209964
27	0.0201141
28	0.0192166
29	0.018307
30	0.0173884
31	0.0164642
32	0.0155379
33	0.0146131
34	0.0136937
35	0.0127837
36	0.0118874
37	0.0110093
38	0.0101545
39	0.00932827
40	0.00853671
41	0.00778662
42	0.00708578
43	0.00644308
44	0.00586859
45	0.00537324
46	0.00496791
47	0.00466176
48	0.00445974
49	0.00436027
50	0.00435435
51	0.00442691
52	0.00455968
53	0.00473431
54	0.00493437
55	0.00514627
56	0.00535936
57	0.00556557
58	0.00575896
59	0.00593526
60	0.00609156
61	0.00622597
62	0.0063374
63	0.00642541
64	0.00649007
65	0.00653189
66	0.00655167
67	0.00655051
68	0.00652975
69	0.00649087
70	0.00643554
71	0.00636552
72	0.00628266
73	0.00618888
74	0.00608616
75	0.00597646
76	0.00586177
77	0.00574403
78	0.00562516
79	0.00550697
80	0.00539121
81	0.00527948
82	0.00517325
83	0.00507381
84	0.00498225
85	0.00489946
86	0.00482608
87	0.00476253
88	0.00470898
89	0.00466539
90	0.00463149
91	0.00460682
92	0.00459078
93	0.00458263
94	0.00458154
95	0.00458665
96	0.00459704
97	0.00461183
98	0.00463014
99	0.00465117
100	0.00467414
101	0.00469838
102	0.00472327
103	0.00474828
104	0.00477295
105	0.00479689
106	0.00481979
107	0.0048414
108	0.00486154
109	0.00488005
110	0.00489685
111	0.00491189
112	0.00492516
113	0.00493667
114	0.00494647
115	0.00495461
116	0.00496117
117	0.00496625
118	0.00496994
119	0.00497235
120	0.00497359
121	0.00497377
122	0.00497299
123	0.00497137
124	0.004969
125	0.00496599
126	0.00496242
127	0.00495839
128	0.00495396
129	0.00494922
130	0.00494422
131	0.00493902
132	0.00493367
133	0.00492821
134	0.00492269
135	0.00491712
136	0.00491154
137	0.00490596
138	0.00490039
139	0.00489485
140	0.00488934
141	0.00488386
142	0.00487842
143	0.00487301
144	0.00486764
145	0.00486229
146	0.00485697
147	0.00485169
148	0.00484644
149	0.00484123
150	0.00483607
151	0.00483096
152	0.00482595
153	0.00482104
154	0.00481626
155	0.00481167
156	0.00480731
157	0.00480324
158	0.00479952
159	0.00479624
160	0.00479349
161	0.00479136
162	0.00478998
163	0.00478948
164	0.00478999
165	0.00479167
166	0.0047947
167	0.00479925
168	0.00480552
169	0.00481372
170	0.00482407
171	0.0048368
172	0.00485214
173	0.00487035
174	0.00489167
175	0.00491637
176	0.00494468
177	0.00497688
178	0.0050132
179	0.00505388
180	0.00509916
181	0.00514925
182	0.00520435
183	0.00526465
184	0.0053303
185	0.00540144
186	0.00547819
187	0.00556063
188	0.00564884
189	0.00574284
190	0.00584265
191	0.00594826
192	0.00605962
193	0.00617669
194	0.00629938
195	0.00642758
196	0.00656117
197	0.00670003
198	0.00684399
199	0.0069929
200	0.00714657
201	0.00730483
202	0.00746747
203	0.00763429
204	0.00780508
205	0.00797964
206	0.00815773
207	0.00833913
208	0.00852363
209	0.00871097
210	0.00890093
211	0.00909326
212	0.00928773
213	0.00948408
214	0.00968205
215	0.00988141
216	0.0100819
217	0.0102832
218	0.0104851
219	0.0106872
220	0.0108894
221	0.0110914
222	0.0112928
223	0.0114933
224	0.0116926
225	0.0118906
226	0.0120867
227	0.0122808
228	0.0124726
229	0.0126617
230	0.0128478
231	0.0130306
232	0.0132099
233	0.0133854
234	0.0135567
235	0.0137236
236	0.0138859
237	0.0140433
238	0.0141955
239	0.0143424
240	0.0144838
241	0.0146194
242	0.0147492
243	0.0148729
244	0.0149904
245	0.0151017
246	0.0152066
247	0.0153052
248	0.0153973
249	0.015483
250	0.0155623
251	0.0156353
252	0.0157019
253	0.0157622
254	0.0158165
255	0.0158647
256	0.0159071
257	0.0159438
258	0.0159751
259	0.016001
260	0.0160218
261	0.0160379
262	0.0160493
263	0.0160564
264	0.0160596
265	0.0160589
266	0.0160548
267	0.0160476
268	0.0160376
269	0.0160252
270	0.0160105
271	0.0159941
272	0.0159763
273	0.0159573
274	0.0159376
275	0.0159175
276	0.0158973
277	0.0158775
278	0.0158584
279	0.0158404
280	0.0158237
281	0.0158089
282	0.0157962
283	0.015786
284	0.0157787
285	0.0157746
286	0.0157741
287	0.0157775
288	0.0157852
289	0.0157976
290	0.015815
291	0.0158377
292	0.0158661
293	0.0159004
294	0.0159412
295	0.0159885
296	0.0160429
297	0.0161045
298	0.0161738
299	0.0162509
300	0.0163362
301	0.01643
302	0.0165325
303	0.016644
304	0.0167647
305	0.0168949
306	0.0170348
307	0.0171846
308	0.0173444
309	0.0175145
310	0.017695
311	0.017886
312	0.0180876
313	0.0182999
314	0.0185229
315	0.0187567
316	0.0190013
317	0.0192566
318	0.0195225
319	0.0197991
320	0.020086
321	0.0203832
322	0.0206904
323	0.0210074
324	0.0213339
325	0.0216695
326	0.0220138
327	0.0223665
328	0.0227269
329	0.0230946
330	0.0234689
331	0.0238493
332	0.024235
333	0.0246252
334	0.0250192
335	0.0254161
336	0.0258149
337	0.0262146
338	0.0266143
339	0.0270129
340	0.0274091
341	0.0278018
342	0.0281897
343	0.0285715
344	0.0289459
345	0.0293114
346	0.0296666
347	0.0300101
348	0.0303404
349	0.0306558
350	0.0309549
351	0.0312361
352	0.0314977
353	0.0317382
354	0.0319561
355	0.0321497
356	0.0323175
357	0.0324579
358	0.0325695
359	0.0326509
