0 0.031881
1 0.0318933
2 0.031873
3 0.0318191
4 0.0317306
5 0.0316065
6 0.0314461
7 0.0312487
8 0.0310137
9 0.0307407
10 0.0304294
11 0.0300797
12 0.0296917
13 0.0292655
14 0.0288015
15 0.0283001
16 0.0277622
17 0.0271885
18 0.0265802
19 0.0259385
20 0.0252647
21 0.0245606
22 0.0238278
23 0.0230683
24 0.0222842
25 0.0214777
26 0.0206515
27 0.0198079
28 0.0189498
29 0.0180802
30 0.0172019
31 0.0163183
32 0.0154326
33 0.0145484
34 0.0136694
35 0.0127994
36 0.0119425
37 0.0111031
38 0.0102858
39 0.00949588
40 0.00873881
41 0.00802084
42 0.00734894
43 0.00673087
44 0.00617515
45 0.0056908
46 0.00528663
47 0.00497002
48 0.00474527
49 0.00461195
50 0.00456403
51 0.00459043
52 0.00467678
53 0.00480764
54 0.00496837
55 0.00514617
56 0.00533053
57 0.00551314
58 0.00568767
59 0.00584939
60 0.00599493
61 0.00612196
62 0.006229
63 0.00631526
64 0.00638048
65 0.00642486
66 0.00644896
67 0.00645361
68 0.00643992
69 0.00640916
70 0.00636279
71 0.00630238
72 0.0062296
73 0.00614619
74 0.00605395
75 0.0059547
76 0.00585026
77 0.00574242
78 0.00563297
79 0.00552359
80 0.0054159
81 0.00531141
82 0.00521149
83 0.00511737
84 0.00503009
85 0.00495051
86 0.00487929
87 0.00481687
88 0.00476348
89 0.00471916
90 0.00468372
91 0.00465611
92 0.00463734
93 0.00462603
94 0.00462149
95 0.00462296
96 0.00462964
97 0.00464074
98 0.00465546
99 0.00467307
100 0.00469284
101 0.00471414
102 0.00473639
103 0.00475906
104 0.0047817
105 0.00480394
106 0.00482544
107 0.00484596
108 0.00486528
109 0.00488325
110 0.00489976
111 0.00491474
112 0.00492815
113 0.00494
114 0.00495029
115 0.00495907
116 0.0049664
117 0.00497236
118 0.00497702
119 0.00498047
120 0.0049828
121 0.00498412
122 0.00498452
123 0.0049841
124 0.00498294
125 0.00498115
126 0.00497879
127 0.00497597
128 0.00497273
129 0.00496917
130 0.00496533
131 0.00496126
132 0.00495703
133 0.00495267
134 0.00494821
135 0.00494369
136 0.00493913
137 0.00493454
138 0.00492996
139 0.00492537
140 0.0049208
141 0.00491625
142 0.00491173
143 0.00490722
144 0.00490274
145 0.00489828
146 0.00489385
147 0.00488945
148 0.00488508
149 0.00488076
150 0.00487648
151 0.00487228
152 0.00486817
153 0.00486418
154 0.00486034
155 0.0048567
156 0.0048533
157 0.00485022
158 0.00484751
159 0.00484527
160 0.00484358
161 0.00484255
162 0.0048423
163 0.00484295
164 0.00484466
165 0.00484758
166 0.00485188
167 0.00485775
168 0.00486538
169 0.00487498
170 0.00488678
171 0.004901
172 0.00491789
173 0.00493768
174 0.00496063
175 0.00498699
176 0.00501702
177 0.00505096
178 0.00508906
179 0.00513155
180 0.00517866
181 0.00523061
182 0.0052876
183 0.0053498
184 0.00541735
185 0.00549039
186 0.00556903
187 0.00565334
188 0.00574339
189 0.00583921
190 0.00594079
191 0.00604813
192 0.00616118
193 0.00627987
194 0.00640412
195 0.00653381
196 0.00666882
197 0.00680901
198 0.00695421
199 0.00710426
200 0.00725897
201 0.00741815
202 0.00758159
203 0.00774908
204 0.0079204
205 0.00809532
206 0.00827361
207 0.00845504
208 0.00863936
209 0.00882633
210 0.0090157
211 0.00920722
212 0.00940062
213 0.00959564
214 0.00979203
215 0.0099895
216 0.0101878
217 0.0103866
218 0.0105857
219 0.0107848
220 0.0109835
221 0.0111817
222 0.0113789
223 0.011575
224 0.0117696
225 0.0119624
226 0.0121531
227 0.0123414
228 0.0125271
229 0.0127098
230 0.0128892
231 0.0130651
232 0.0132372
233 0.0134053
234 0.0135691
235 0.0137282
236 0.0138826
237 0.014032
238 0.0141762
239 0.014315
240 0.0144482
241 0.0145757
242 0.0146974
243 0.0148132
244 0.0149229
245 0.0150265
246 0.0151239
247 0.0152152
248 0.0153003
249 0.0153793
250 0.0154522
251 0.015519
252 0.0155798
253 0.0156348
254 0.0156841
255 0.0157277
256 0.015766
257 0.0157989
258 0.0158269
259 0.01585
260 0.0158684
261 0.0158825
262 0.0158925
263 0.0158986
264 0.0159011
265 0.0159003
266 0.0158965
267 0.01589
268 0.0158811
269 0.0158701
270 0.0158573
271 0.015843
272 0.0158277
273 0.0158115
274 0.0157948
275 0.015778
276 0.0157614
277 0.0157453
278 0.0157301
279 0.0157161
280 0.0157037
281 0.0156931
282 0.0156847
283 0.0156789
284 0.0156759
285 0.0156762
286 0.01568
287 0.0156876
288 0.0156994
289 0.0157157
290 0.0157369
291 0.0157632
292 0.0157949
293 0.0158324
294 0.015876
295 0.0159259
296 0.0159825
297 0.016046
298 0.0161167
299 0.0161949
300 0.0162809
301 0.0163749
302 0.0164772
303 0.0165879
304 0.0167074
305 0.0168358
306 0.0169734
307 0.0171202
308 0.0172766
309 0.0174426
310 0.0176183
311 0.017804
312 0.0179996
313 0.0182053
314 0.018421
315 0.0186469
316 0.0188828
317 0.0191288
318 0.0193848
319 0.0196507
320 0.0199263
321 0.0202115
322 0.020506
323 0.0208097
324 0.0211222
325 0.0214431
326 0.0217722
327 0.022109
328 0.0224529
329 0.0228036
330 0.0231604
331 0.0235228
332 0.02389
333 0.0242613
334 0.024636
335 0.0250132
336 0.025392
337 0.0257715
338 0.0261508
339 0.0265288
340 0.0269044
341 0.0272764
342 0.0276437
343 0.028005
344 0.028359
345 0.0287045
346 0.02904
347 0.0293642
348 0.0296757
349 0.0299729
350 0.0302545
351 0.0305189
352 0.0307646
353 0.0309901
354 0.031194
355 0.0313747
356 0.0315309
357 0.0316609
358 0.0317635
359 0.0318373
